Name  : dop
Mass  : 70.000000
Volume: 10.000000
Name  : dog
Mass  : 100.000000
Volume: 20.000000